-------------------
------E1---E4---E1--
-------------------
----E4---E2---E3---E1--
-----------E3--------
-------------------
-------------------
-------------------

0.11 0.035|0.077 0.051|0.063 0.082|0.023 0.081|0.029 0.033|0.084 0.025|

0.17 0.055|0.2 0.027|0.24 0.051|0.24 0.1|0.21 0.14|0.17 0.13|0.16 0.089|

0.28 0.11|0.28 0.16|0.28 0.21|0.32 0.22|0.32 0.15|0.32 0.083|0.29 0.038|

0.028 0.16|0.064 0.12|0.11 0.17|0.14 0.12|0.19 0.18|0.23 0.12|0.26 0.17|0.2 0.18|0.14 0.18|0.066 0.17|

0.14 0.13|0.17 0.13|0.17 0.17|0.13 0.17|

0.19 0.16|0.19 0.13|0.18 0.077|0.18 0.016|0.23 0.022|0.23 0.091|0.23 0.14|0.24 0.17|

0.26 0.17|0.26 0.12|0.26 0.04|0.29 0.022|0.31 0.048|0.31 0.13|0.31 0.17|0.29 0.2|

0.23 0.21|0.29 0.21|0.31 0.2|0.31 0.23|0.28 0.23|0.24 0.23|0.21 0.23|0.17 0.23|0.1 0.23|0.051 0.24|0.011 0.23|0.012 0.2|0.046 0.21|0.086 0.2|0.13 0.2|0.17 0.2|0.21 0.2|

