E1
229 34|200 54|190 88|207 124|242 152|
E1
58 27|101 27|143 29|191 26|242 29|
E1
225 29|207 39|188 55|187 81|212 105|240 126|
E1
58 20|95 22|132 23|175 20|221 19|
E1
144 14|177 14|207 14|247 16|141 42|184 47|216 46|250 49|
E1
251 29|223 39|202 56|199 79|206 104|224 123|248 144|245 117|244 98|242 78|244 59|245 45|
E1
234 22|191 27|171 47|163 73|164 94|175 114|192 131|210 145|231 149|252 140|243 121|242 102|245 83|246 63|246 46|244 33|227 34|197 34|187 45|180 64|181 79|186 99|195 115|210 129|222 136|232 129|
E1
69 2|43 9|31 41|42 96|34 125|93 144|134 143|213 134|240 118|241 112|213 77|179 27|113 36|96 50|146 80|129 114|99 97|
